          risk=high 
  time n.risk n.event survival std.err lower 95% CI upper 95% CI
 0.175     72       1    0.986  0.0138        0.959        1.000
 0.178     71       1    0.972  0.0194        0.935        1.000
 0.189     70       1    0.958  0.0235        0.913        1.000
 0.208     69       1    0.944  0.0270        0.893        0.999
 0.225     68       1    0.931  0.0300        0.874        0.991
 0.296     67       1    0.917  0.0326        0.855        0.983
 0.395     65       1    0.903  0.0350        0.837        0.974
 0.507     63       1    0.888  0.0373        0.818        0.964
 0.523     62       1    0.874  0.0393        0.800        0.954
 0.532     61       1    0.860  0.0412        0.783        0.944
 0.540     60       1    0.845  0.0429        0.765        0.934
 0.595     59       1    0.831  0.0445        0.748        0.923
 0.701     58       1    0.817  0.0460        0.731        0.912
 0.710     57       1    0.802  0.0474        0.715        0.901
 0.734     56       1    0.788  0.0486        0.698        0.889
 0.773     55       1    0.774  0.0498        0.682        0.878
 0.775     54       1    0.759  0.0509        0.666        0.866
 0.896     52       2    0.730  0.0530        0.633        0.842
 0.934     50       1    0.715  0.0539        0.617        0.829
 0.937     49       1    0.701  0.0547        0.601        0.817
 0.964     48       1    0.686  0.0555        0.586        0.804
 0.978     47       1    0.672  0.0562        0.570        0.791
 1.038     46       1    0.657  0.0569        0.555        0.779
 1.055     45       1    0.642  0.0574        0.539        0.766
 1.077     44       1    0.628  0.0580        0.524        0.752
 1.082     43       1    0.613  0.0584        0.509        0.739
 1.088     42       1    0.599  0.0588        0.494        0.726
 1.222     40       1    0.584  0.0592        0.478        0.712
 1.258     39       1    0.569  0.0596        0.463        0.698
 1.266     38       1    0.554  0.0599        0.448        0.684
 1.326     37       1    0.539  0.0601        0.433        0.670
 1.452     35       1    0.523  0.0603        0.418        0.656
 1.496     33       1    0.508  0.0605        0.402        0.641
 1.649     30       1    0.491  0.0608        0.385        0.626
 1.792     28       1    0.473  0.0611        0.367        0.609
 2.118     23       1    0.453  0.0618        0.346        0.592
 2.337     21       1    0.431  0.0625        0.324        0.573
 2.507     19       1    0.408  0.0632        0.301        0.553
 2.995     16       1    0.383  0.0642        0.276        0.532
 3.104     15       1    0.357  0.0648        0.250        0.510
 3.107     14       1    0.332  0.0650        0.226        0.487
 4.789      5       1    0.265  0.0789        0.148        0.475
 7.510      1       1    0.000     NaN           NA           NA

                risk=low 
   time n.risk n.event survival std.err lower 95% CI upper 95% CI
  0.589     70       1    0.986  0.0142       0.9583        1.000
  0.800     65       1    0.971  0.0205       0.9311        1.000
  0.923     64       1    0.955  0.0252       0.9073        1.000
  1.003     63       1    0.940  0.0290       0.8851        0.999
  1.104     59       1    0.924  0.0326       0.8626        0.990
  1.112     58       1    0.908  0.0357       0.8410        0.981
  1.312     54       1    0.892  0.0388       0.8186        0.971
  1.501     50       1    0.874  0.0419       0.7953        0.960
  1.825     40       1    0.852  0.0462       0.7659        0.947
  1.863     37       1    0.829  0.0504       0.7357        0.934
  4.359     14       1    0.770  0.0738       0.6378        0.929
  5.485      7       1    0.660  0.1198       0.4621        0.942
 13.304      2       1    0.330  0.2408       0.0789        1.000
